0 1 2 3 4 5 6
1 0 3 5 6
2 0 4 5 7
3 0 1 5 8 9 10 11 12 13 14 15 16 17 18 19 20 21 22 23 24 25 26 27
4 0 2 5 6 28 29 30 31
5 0 1 2 3 4 6 7
6 0 1 4 5 7 10 12 18 22 25 29
7 2 5 6 71 14 85 58 30
8 3 9 10 11 12 13 14 20 21 22 23 24 26 27 32 33 35 37 40 41 42 43 44 45 46
9 3 8 41 11 12 45 14 47 48 49 50 51 20 24 52 27
10 33 3 37 6 39 8 11 12 15 16 19 21 55 38 35
11 45 3 8 9 10 12 13 14 47 17 50 20 21 22 56 26 27 29
12 3 6 8 9 10 11 13 14 15 17 18 23 24 32 33 36 38 39 40 41 44 46 47 54 55
13 32 3 8 44 42 11 12 47 17 43 40 57 29
14 3 7 8 9 11 12 25 26 58
15 16 10 3 12 55
16 10 3 15
17 11 3 12 13 47
18 3 12 6
19 56 10 3 77 55
20 3 8 9 11 48 49 53 40 24 57
21 8 11 10 3 23
22 3 6 8 11 40 52 25
23 32 33 3 8 12 47 21 54 27
24 3 8 9 12 47 40 20 53 26
25 40 22 3 14 6
26 3 8 11 45 14 47 40 53 24
27 3 8 9 11 47 40 41 54 23
28 72 66 4
29 11 4 13 6
30 66 67 4 70 7 73 74 75 76 77 79 80 82 99 84 86 83 58 93 31
31 4 73 74 75 76 77 78 49 82 91 30
32 8 33 12 13 23
33 32 37 38 39 8 10 12 47 23
34 35 36 37 38 39
35 34 36 37 38 39 8 10 43 44 40
36 41 34 35 12 47
37 33 34 35 38 8 10 47
38 33 34 35 37 39 10 12
39 33 34 35 38 40 10 12 42
40 35 54 39 8 41 42 12 13 47 45 20 53 22 24 25 26 27 44
41 36 8 9 12 47 40 54 27
42 39 8 43 13 47 40
43 8 56 42 35 13
44 8 40 35 12 13
45 8 9 11 47 40 26
46 8 12 102 47
47 33 36 37 40 9 42 11 12 13 46 45 17 41 54 23 24 26 27
48 9 20 49 57
49 72 9 76 48 20 57 58 31
50 9 58 11
51 64 65 69 9 52 58
52 64 9 58 51 22
53 24 40 26 20 76
54 40 41 12 47 23 27
55 10 19 12 15
56 19 43 11 57
57 48 49 20 13 56
58 64 65 68 69 7 77 14 49 50 51 52 85 30
59 99 60 61 62 63
60 99 84 86 59 62 63
61 59 101 86 95
62 99 100 84 59 60 63
63 99 59 60 62
64 65 66 67 68 69 70 51 52 58
65 64 67 68 69 51 85 58
66 64 96 67 100 70 97 72 73 74 76 80 99 84 85 86 88 89 90 28 93 30
67 64 65 66 103 104 30
68 64 65 58 71
69 64 65 58 51 104
70 64 66 71 72 75 90 30
71 68 70 7 72 73 74 75 76 77 78 79 80 81 82 83
72 28 49 66 70 71 73 74 75 76 78 79 80 82 84 85 86 87 88 89 90 91 92
73 96 97 66 99 100 71 72 74 75 98 82 83 84 94 86 89 95 92 93 30 31
74 66 99 71 72 73 75 98 78 79 82 84 87 88 91 30 31
75 70 71 72 73 74 76 77 78 79 82 83 84 91 92 30 31
76 66 71 72 75 77 49 82 83 84 53 86 30 31
77 71 75 76 19 58 30 31
78 72 75 74 71 31
79 100 71 72 74 75 84 91 30
80 72 66 30 71
81 97 84 86 71
82 71 72 73 74 75 76 84 30 31
83 100 71 73 75 76 84 87 30
84 30 60 62 66 72 73 74 75 76 79 81 82 83 86 87 88 89 94 96 97 99 100 101
85 72 65 58 66 7
86 97 66 100 101 72 73 76 93 81 84 89 60 61 30
87 72 74 83 84 98
88 72 89 66 84 74
89 66 72 73 84 86 88
90 72 91 66 99 70
91 98 100 72 74 75 79 90 31
92 72 73 75
93 66 99 102 73 94 86 30
94 96 101 102 73 84 93 95
95 73 102 61 94
96 97 66 100 73 84 94
97 96 66 73 81 84 86
98 73 74 91 100 87
99 66 100 73 74 84 30 90 59 60 93 62 63
100 96 66 99 101 73 98 79 83 84 86 91 62
101 100 94 84 61 86
102 94 93 46 95
103 104 67
104 67 69 103
