0 1 35 4 65 33 104 9 23 16 41 90 93
1 0 33 37 103 105 45 109 25 57 89 27 101
2 64 3 100 6 72 74 13 14 47 15 60 106
3 2 5 102 40 74 11 81 52 72 84 26 58
4 0 5 104 9 23 108 16 41 28 93 69
5 97 98 3 4 10 11 81 107 52 84 90 74
6 32 64 2 100 39 106 7 47 85 55 58 60
7 68 6 8 73 108 77 78 111 40 82 21 22
8 68 7 9 77 78 111 51 21 22 41 90
9 0 64 4 8 41 108 16 104 22 23 93
10 98 11 5 102 72 74 107 81 84 60
11 97 3 5 104 10 50 24 90 28 69
12 34 36 38 43 13 14 17 18 85 26
13 32 64 2 100 39 106 12 45 110 15 60
14 2 99 38 71 43 12 15 85 54 26
15 32 2 68 39 60 106 13 14 47 114 100 92
16 0 67 4 38 17 104 9 23 81 41 93
17 96 65 12 16 113 20 87 58 27 62 95
18 34 99 36 38 71 42 12 19 54 61 31
19 33 35 36 101 44 79 18 30 55 29 94
20 96 65 36 70 113 75 76 17 21 87 62
21 32 68 7 8 108 77 46 111 51 20 22
22 68 7 8 9 108 77 78 47 51 21 23
23 0 4 104 9 78 111 16 22 41 90 93
24 66 69 11 110 50 84 87 25 90 28
25 1 37 33 105 106 103 45 109 53 24 89
26 34 3 38 42 43 12 14 85 27 61
27 96 1 70 65 76 17 56 26 63 62 95
28 4 69 38 11 78 113 50 24 90
29 35 101 42 79 80 82 19 30 55 91 94
30 35 101 44 50 79 82 19 55 109 29 94
31 32 34 99 71 43 79 18 85 54 55 61
32 64 100 6 39 106 13 15 49 21 47 31
33 0 1 37 103 105 45 109 19 89 25
34 35 71 42 12 18 99 54 26 61 94 31
35 0 34 101 44 79 19 94 55 92 29 30
36 37 43 12 18 19 20 58 59
37 1 36 33 103 105 45 109 80 89 25 95
38 43 71 39 12 14 16 18 85 54 26 28
39 32 100 6 38 106 13 15 82 54 47 60
40 98 3 102 7 72 41 74 107 81 51 52
41 0 67 4 8 9 16 40 23 104 93
42 34 43 18 57 26 29 63
43 36 70 38 42 12 14 79 85 26 61 31
44 48 66 35 75 45 112 19 86 57 91 30
45 1 37 33 105 103 44 13 109 89 25 62
46 67 73 110 47 49 114 83 21 88 111 53
47 32 64 2 100 6 39 46 15 22 60 61
48 96 66 75 44 98 49 53 86 57 91 92
49 32 67 73 110 48 114 83 84 46 88 53
50 68 69 11 78 51 24 90 28 30
51 68 101 8 108 77 78 111 40 50 21 22
52 98 3 5 102 40 74 112 72 84 53
53 67 73 46 48 49 114 83 52 110 86 88 25
54 34 99 38 39 71 14 18 55 61 31
55 35 101 6 79 19 94 54 89 29 30 31
56 96 65 70 106 76 87 57 27 62 95
57 1 112 42 75 44 48 86 56 91 92
58 97 3 36 101 6 17 114 88 59 63
59 97 66 36 76 113 58 60 63
60 64 2 59 6 39 10 71 13 15 47 106
61 34 99 71 43 47 18 54 26 92 62 31
62 70 105 76 45 17 20 87 56 27 61 95
63 64 65 27 97 42 109 112 58 59
64 32 2 100 6 9 106 13 47 111 60 63
65 0 96 66 70 113 17 20 87 56 27 63
66 65 59 76 75 44 112 48 86 24 91 92
67 68 104 41 110 46 16 49 114 83 53 73 88
68 67 7 8 108 78 15 50 51 21 22 111
69 4 70 11 88 50 83 24 90 91 28 95
70 65 69 103 43 76 113 20 56 27 62 95
71 34 99 38 72 14 18 54 60 61 31
72 2 3 102 71 40 10 107 81 52 104 74
73 67 7 74 46 77 110 49 114 83 53 88
74 2 3 5 102 40 73 10 72 82 52 84
75 112 66 76 107 44 48 20 86 57 92
76 96 66 27 70 75 113 20 56 59 62 95
77 98 7 8 73 108 78 111 82 51 21 22
78 68 7 8 108 77 111 50 51 22 23 28
79 35 101 43 109 80 19 94 55 29 30 31
80 37 105 29 110 79 82 85 86 91 93 94
81 98 3 5 40 10 107 16 72 82 83 84
82 100 39 74 7 77 93 80 81 94 29 30
83 67 69 81 73 110 46 49 114 84 53 88
84 98 3 5 81 10 107 49 83 52 24 74
85 99 6 38 43 12 14 80 26 31
86 80 66 97 75 44 48 53 87 57 91 92
87 96 65 113 104 17 20 86 56 24 62 95
88 67 69 73 107 110 46 49 114 83 53 89 58
89 1 99 37 33 105 103 45 109 55 88 25
90 0 5 8 11 50 23 24 28 69
91 80 66 69 112 44 93 48 86 57 92 29
92 112 66 35 106 75 15 48 86 57 91 61
93 0 80 4 104 9 23 16 82 41 91
94 34 35 101 79 80 82 19 55 29 30
95 37 70 113 76 17 87 56 27 62 69
96 65 113 112 76 48 17 20 87 56 27
97 98 5 11 112 86 58 59 63
98 97 5 102 40 10 107 77 48 81 52 84
99 34 100 71 14 18 85 54 89 61 31
100 32 64 2 99 102 6 39 13 15 82 47
101 1 35 51 79 19 94 55 58 29 30
102 98 3 100 103 40 10 107 72 52 74
103 1 37 70 33 105 45 109 89 25 102
104 0 67 4 72 9 11 16 114 41 23 87 93
105 1 37 33 103 45 109 80 89 25 62
106 32 64 2 6 39 92 13 15 56 25 60
107 98 5 102 81 40 10 75 72 84 88
108 4 7 9 77 78 111 51 21 22 68
109 1 37 33 105 103 45 79 89 25 30 63
110 67 73 13 46 80 49 114 83 53 24 88
111 64 68 7 8 108 78 77 46 51 21 23
112 96 97 66 75 44 52 57 91 92 63
113 96 65 70 76 17 20 87 59 28 95
114 67 104 73 110 46 15 49 83 53 88 58
