34 2
34 -0.700466 -0.650714
1 0.870641 0.448660
33 -0.861058 -0.316161
3 0.691876 -0.494981
2 1.165055 -0.481447
4 1.163194 -0.465570
32 -0.401475 -0.028394
9 0.176994 -0.661110
14 0.771897 -0.532972
24 -1.573769 -0.068174
6 0.537452 1.774731
8 1.187440 -0.349001
7 0.700998 1.831438
31 -0.126315 -1.095298
30 -1.392473 -0.595158
28 -0.631608 -0.276008
11 0.556225 1.313232
5 0.706485 1.272869
26 -1.334916 0.049616
25 -1.479130 0.362756
20 0.818083 -0.516751
29 -0.553693 -0.373374
17 0.585848 2.603862
15 -1.294652 -0.871901
22 1.317054 -0.178590
21 -1.171673 -0.615140
19 -1.280859 -0.544633
16 -1.430833 -0.612415
27 -1.469913 -0.463592
18 1.378290 -0.215295
13 1.129311 -0.206060
23 -1.499460 -0.597630
10 -0.487700 -0.764460
12 1.342489 0.468502
