34 2
1 -0.080354 0.852780
34 -0.130791 -0.902885
33 0.443717 -1.160465
2 -0.936072 0.126645
3 -0.339195 -0.192772
24 0.736225 -1.249546
32 0.532350 -0.883487
4 -1.038422 0.389109
30 0.469672 -1.259666
9 -0.188343 -0.412428
31 -0.340412 -0.746829
14 -0.570495 -0.174310
8 -1.076746 0.009180
28 0.621841 -1.072505
6 0.968204 1.469399
25 1.234598 -0.775750
5 0.498223 1.406253
11 0.517459 1.627290
26 1.007411 -0.963602
7 0.852445 1.503201
20 -0.514823 0.222716
29 0.054825 -0.739003
18 -0.771541 0.251992
10 -0.492354 -0.527616
22 -0.608379 0.417794
15 0.288145 -1.161039
23 0.394139 -0.949412
17 1.043267 1.682741
19 0.250658 -0.902354
27 0.317493 -1.098183
16 0.460249 -1.001629
21 0.533297 -0.730649
12 -0.457857 0.848463
13 -0.635921 0.844615
